
 ~ Set: 0 -- Generating data ~ 
Child (26323) exited properly with status: 0

#Dimension 0 Gets sets: 
21.6466, 35.6445, 59.8789, 33.9367, 0.223278, 0.329523, 0.132647, 0.444597, 29.4584, 11.1888, 57.1578, 31.0772, 0.150681, 0.337684, 0.211113, 0.27355, 0.023943, 0.004624, 0.029139, 0.014844, 0.01896, 0.015933, 0.02206, 0.155977, 0.189065, 0.086577, 0.018705, 0.153521, 0.325447, 0.249461, 0.159769, 0.260633, 0.254341, 0.113651, 10.4126, 8.56357, 0, 9.77534, 1.31027, 1.69885, 1.78612, 10.893, 599.56, 253.564, 241.127, 

#Dimension 0 Gets sets: 
64.9397, 35.6445, 59.8789, 33.9367, 0.223278, 0.329523, 0.132647, 0.444597, 29.4584, 11.1888, 57.1578, 31.0772, 0.150681, 0.337684, 0.211113, 0.27355, 0.023943, 0.004624, 0.029139, 0.014844, 0.01896, 0.015933, 0.02206, 0.155977, 0.189065, 0.086577, 0.018705, 0.153521, 0.325447, 0.249461, 0.159769, 0.260633, 0.254341, 0.113651, 10.4126, 8.56357, 0, 9.77534, 1.31027, 1.69885, 1.78612, 10.893, 599.56, 253.564, 241.127, 

#Dimension 1 Gets sets: 
43.2931, 17.8223, 59.8789, 33.9367, 0.223278, 0.329523, 0.132647, 0.444597, 29.4584, 11.1888, 57.1578, 31.0772, 0.150681, 0.337684, 0.211113, 0.27355, 0.023943, 0.004624, 0.029139, 0.014844, 0.01896, 0.015933, 0.02206, 0.155977, 0.189065, 0.086577, 0.018705, 0.153521, 0.325447, 0.249461, 0.159769, 0.260633, 0.254341, 0.113651, 10.4126, 8.56357, 0, 9.77534, 1.31027, 1.69885, 1.78612, 10.893, 599.56, 253.564, 241.127, 

#Dimension 1 Gets sets: 
43.2931, 53.4668, 59.8789, 33.9367, 0.223278, 0.329523, 0.132647, 0.444597, 29.4584, 11.1888, 57.1578, 31.0772, 0.150681, 0.337684, 0.211113, 0.27355, 0.023943, 0.004624, 0.029139, 0.014844, 0.01896, 0.015933, 0.02206, 0.155977, 0.189065, 0.086577, 0.018705, 0.153521, 0.325447, 0.249461, 0.159769, 0.260633, 0.254341, 0.113651, 10.4126, 8.56357, 0, 9.77534, 1.31027, 1.69885, 1.78612, 10.893, 599.56, 253.564, 241.127, 
Child (26324) exited properly with status: 0
Child (26325) exited properly with status: 0

#Dimension 2 Gets sets: 
43.2931, 35.6445, 29.9394, 33.9367, 0.223278, 0.329523, 0.132647, 0.444597, 29.4584, 11.1888, 57.1578, 31.0772, 0.150681, 0.337684, 0.211113, 0.27355, 0.023943, 0.004624, 0.029139, 0.014844, 0.01896, 0.015933, 0.02206, 0.155977, 0.189065, 0.086577, 0.018705, 0.153521, 0.325447, 0.249461, 0.159769, 0.260633, 0.254341, 0.113651, 10.4126, 8.56357, 0, 9.77534, 1.31027, 1.69885, 1.78612, 10.893, 599.56, 253.564, 241.127, 

#Dimension 2 Gets sets: 
43.2931, 35.6445, 89.8183, 33.9367, 0.223278, 0.329523, 0.132647, 0.444597, 29.4584, 11.1888, 57.1578, 31.0772, 0.150681, 0.337684, 0.211113, 0.27355, 0.023943, 0.004624, 0.029139, 0.014844, 0.01896, 0.015933, 0.02206, 0.155977, 0.189065, 0.086577, 0.018705, 0.153521, 0.325447, 0.249461, 0.159769, 0.260633, 0.254341, 0.113651, 10.4126, 8.56357, 0, 9.77534, 1.31027, 1.69885, 1.78612, 10.893, 599.56, 253.564, 241.127, 

#Dimension 3 Gets sets: 
43.2931, 35.6445, 59.8789, 16.9683, 0.223278, 0.329523, 0.132647, 0.444597, 29.4584, 11.1888, 57.1578, 31.0772, 0.150681, 0.337684, 0.211113, 0.27355, 0.023943, 0.004624, 0.029139, 0.014844, 0.01896, 0.015933, 0.02206, 0.155977, 0.189065, 0.086577, 0.018705, 0.153521, 0.325447, 0.249461, 0.159769, 0.260633, 0.254341, 0.113651, 10.4126, 8.56357, 0, 9.77534, 1.31027, 1.69885, 1.78612, 10.893, 599.56, 253.564, 241.127, 

#Dimension 3 Gets sets: 
43.2931, 35.6445, 59.8789, 50.905, 0.223278, 0.329523, 0.132647, 0.444597, 29.4584, 11.1888, 57.1578, 31.0772, 0.150681, 0.337684, 0.211113, 0.27355, 0.023943, 0.004624, 0.029139, 0.014844, 0.01896, 0.015933, 0.02206, 0.155977, 0.189065, 0.086577, 0.018705, 0.153521, 0.325447, 0.249461, 0.159769, 0.260633, 0.254341, 0.113651, 10.4126, 8.56357, 0, 9.77534, 1.31027, 1.69885, 1.78612, 10.893, 599.56, 253.564, 241.127, 
Child (26326) exited properly with status: 0
Child (26327) exited properly with status: 0

#Dimension 4 Gets sets: 
43.2931, 35.6445, 59.8789, 33.9367, 0.111639, 0.329523, 0.132647, 0.444597, 29.4584, 11.1888, 57.1578, 31.0772, 0.150681, 0.337684, 0.211113, 0.27355, 0.023943, 0.004624, 0.029139, 0.014844, 0.01896, 0.015933, 0.02206, 0.155977, 0.189065, 0.086577, 0.018705, 0.153521, 0.325447, 0.249461, 0.159769, 0.260633, 0.254341, 0.113651, 10.4126, 8.56357, 0, 9.77534, 1.31027, 1.69885, 1.78612, 10.893, 599.56, 253.564, 241.127, 

#Dimension 4 Gets sets: 
43.2931, 35.6445, 59.8789, 33.9367, 0.334917, 0.329523, 0.132647, 0.444597, 29.4584, 11.1888, 57.1578, 31.0772, 0.150681, 0.337684, 0.211113, 0.27355, 0.023943, 0.004624, 0.029139, 0.014844, 0.01896, 0.015933, 0.02206, 0.155977, 0.189065, 0.086577, 0.018705, 0.153521, 0.325447, 0.249461, 0.159769, 0.260633, 0.254341, 0.113651, 10.4126, 8.56357, 0, 9.77534, 1.31027, 1.69885, 1.78612, 10.893, 599.56, 253.564, 241.127, 

#Dimension 5 Gets sets: 
43.2931, 35.6445, 59.8789, 33.9367, 0.223278, 0.164762, 0.132647, 0.444597, 29.4584, 11.1888, 57.1578, 31.0772, 0.150681, 0.337684, 0.211113, 0.27355, 0.023943, 0.004624, 0.029139, 0.014844, 0.01896, 0.015933, 0.02206, 0.155977, 0.189065, 0.086577, 0.018705, 0.153521, 0.325447, 0.249461, 0.159769, 0.260633, 0.254341, 0.113651, 10.4126, 8.56357, 0, 9.77534, 1.31027, 1.69885, 1.78612, 10.893, 599.56, 253.564, 241.127, 

#Dimension 5 Gets sets: 
43.2931, 35.6445, 59.8789, 33.9367, 0.223278, 0.494285, 0.132647, 0.444597, 29.4584, 11.1888, 57.1578, 31.0772, 0.150681, 0.337684, 0.211113, 0.27355, 0.023943, 0.004624, 0.029139, 0.014844, 0.01896, 0.015933, 0.02206, 0.155977, 0.189065, 0.086577, 0.018705, 0.153521, 0.325447, 0.249461, 0.159769, 0.260633, 0.254341, 0.113651, 10.4126, 8.56357, 0, 9.77534, 1.31027, 1.69885, 1.78612, 10.893, 599.56, 253.564, 241.127, 
Child (26328) exited properly with status: 0
Child (26329) exited properly with status: 0

#Dimension 6 Gets sets: 
43.2931, 35.6445, 59.8789, 33.9367, 0.223278, 0.329523, 0.0663235, 0.444597, 29.4584, 11.1888, 57.1578, 31.0772, 0.150681, 0.337684, 0.211113, 0.27355, 0.023943, 0.004624, 0.029139, 0.014844, 0.01896, 0.015933, 0.02206, 0.155977, 0.189065, 0.086577, 0.018705, 0.153521, 0.325447, 0.249461, 0.159769, 0.260633, 0.254341, 0.113651, 10.4126, 8.56357, 0, 9.77534, 1.31027, 1.69885, 1.78612, 10.893, 599.56, 253.564, 241.127, 

#Dimension 6 Gets sets: 
43.2931, 35.6445, 59.8789, 33.9367, 0.223278, 0.329523, 0.19897, 0.444597, 29.4584, 11.1888, 57.1578, 31.0772, 0.150681, 0.337684, 0.211113, 0.27355, 0.023943, 0.004624, 0.029139, 0.014844, 0.01896, 0.015933, 0.02206, 0.155977, 0.189065, 0.086577, 0.018705, 0.153521, 0.325447, 0.249461, 0.159769, 0.260633, 0.254341, 0.113651, 10.4126, 8.56357, 0, 9.77534, 1.31027, 1.69885, 1.78612, 10.893, 599.56, 253.564, 241.127, 

#Dimension 7 Gets sets: 
43.2931, 35.6445, 59.8789, 33.9367, 0.223278, 0.329523, 0.132647, 0.222299, 29.4584, 11.1888, 57.1578, 31.0772, 0.150681, 0.337684, 0.211113, 0.27355, 0.023943, 0.004624, 0.029139, 0.014844, 0.01896, 0.015933, 0.02206, 0.155977, 0.189065, 0.086577, 0.018705, 0.153521, 0.325447, 0.249461, 0.159769, 0.260633, 0.254341, 0.113651, 10.4126, 8.56357, 0, 9.77534, 1.31027, 1.69885, 1.78612, 10.893, 599.56, 253.564, 241.127, 

#Dimension 7 Gets sets: 
43.2931, 35.6445, 59.8789, 33.9367, 0.223278, 0.329523, 0.132647, 0.666896, 29.4584, 11.1888, 57.1578, 31.0772, 0.150681, 0.337684, 0.211113, 0.27355, 0.023943, 0.004624, 0.029139, 0.014844, 0.01896, 0.015933, 0.02206, 0.155977, 0.189065, 0.086577, 0.018705, 0.153521, 0.325447, 0.249461, 0.159769, 0.260633, 0.254341, 0.113651, 10.4126, 8.56357, 0, 9.77534, 1.31027, 1.69885, 1.78612, 10.893, 599.56, 253.564, 241.127, 
Child (26330) exited properly with status: 0
Child (26331) exited properly with status: 0

#Dimension 8 Gets sets: 
43.2931, 35.6445, 59.8789, 33.9367, 0.223278, 0.329523, 0.132647, 0.444597, 14.7292, 11.1888, 57.1578, 31.0772, 0.150681, 0.337684, 0.211113, 0.27355, 0.023943, 0.004624, 0.029139, 0.014844, 0.01896, 0.015933, 0.02206, 0.155977, 0.189065, 0.086577, 0.018705, 0.153521, 0.325447, 0.249461, 0.159769, 0.260633, 0.254341, 0.113651, 10.4126, 8.56357, 0, 9.77534, 1.31027, 1.69885, 1.78612, 10.893, 599.56, 253.564, 241.127, 

#Dimension 8 Gets sets: 
43.2931, 35.6445, 59.8789, 33.9367, 0.223278, 0.329523, 0.132647, 0.444597, 44.1876, 11.1888, 57.1578, 31.0772, 0.150681, 0.337684, 0.211113, 0.27355, 0.023943, 0.004624, 0.029139, 0.014844, 0.01896, 0.015933, 0.02206, 0.155977, 0.189065, 0.086577, 0.018705, 0.153521, 0.325447, 0.249461, 0.159769, 0.260633, 0.254341, 0.113651, 10.4126, 8.56357, 0, 9.77534, 1.31027, 1.69885, 1.78612, 10.893, 599.56, 253.564, 241.127, 

#Dimension 9 Gets sets: 
43.2931, 35.6445, 59.8789, 33.9367, 0.223278, 0.329523, 0.132647, 0.444597, 29.4584, 5.59441, 57.1578, 31.0772, 0.150681, 0.337684, 0.211113, 0.27355, 0.023943, 0.004624, 0.029139, 0.014844, 0.01896, 0.015933, 0.02206, 0.155977, 0.189065, 0.086577, 0.018705, 0.153521, 0.325447, 0.249461, 0.159769, 0.260633, 0.254341, 0.113651, 10.4126, 8.56357, 0, 9.77534, 1.31027, 1.69885, 1.78612, 10.893, 599.56, 253.564, 241.127, 

#Dimension 9 Gets sets: 
43.2931, 35.6445, 59.8789, 33.9367, 0.223278, 0.329523, 0.132647, 0.444597, 29.4584, 16.7832, 57.1578, 31.0772, 0.150681, 0.337684, 0.211113, 0.27355, 0.023943, 0.004624, 0.029139, 0.014844, 0.01896, 0.015933, 0.02206, 0.155977, 0.189065, 0.086577, 0.018705, 0.153521, 0.325447, 0.249461, 0.159769, 0.260633, 0.254341, 0.113651, 10.4126, 8.56357, 0, 9.77534, 1.31027, 1.69885, 1.78612, 10.893, 599.56, 253.564, 241.127, 
Child (26332) exited properly with status: 0
Child (26333) exited properly with status: 0

#Dimension 10 Gets sets: 
43.2931, 35.6445, 59.8789, 33.9367, 0.223278, 0.329523, 0.132647, 0.444597, 29.4584, 11.1888, 28.5789, 31.0772, 0.150681, 0.337684, 0.211113, 0.27355, 0.023943, 0.004624, 0.029139, 0.014844, 0.01896, 0.015933, 0.02206, 0.155977, 0.189065, 0.086577, 0.018705, 0.153521, 0.325447, 0.249461, 0.159769, 0.260633, 0.254341, 0.113651, 10.4126, 8.56357, 0, 9.77534, 1.31027, 1.69885, 1.78612, 10.893, 599.56, 253.564, 241.127, 

#Dimension 10 Gets sets: 
43.2931, 35.6445, 59.8789, 33.9367, 0.223278, 0.329523, 0.132647, 0.444597, 29.4584, 11.1888, 85.7368, 31.0772, 0.150681, 0.337684, 0.211113, 0.27355, 0.023943, 0.004624, 0.029139, 0.014844, 0.01896, 0.015933, 0.02206, 0.155977, 0.189065, 0.086577, 0.018705, 0.153521, 0.325447, 0.249461, 0.159769, 0.260633, 0.254341, 0.113651, 10.4126, 8.56357, 0, 9.77534, 1.31027, 1.69885, 1.78612, 10.893, 599.56, 253.564, 241.127, 

#Dimension 11 Gets sets: 
43.2931, 35.6445, 59.8789, 33.9367, 0.223278, 0.329523, 0.132647, 0.444597, 29.4584, 11.1888, 57.1578, 15.5386, 0.150681, 0.337684, 0.211113, 0.27355, 0.023943, 0.004624, 0.029139, 0.014844, 0.01896, 0.015933, 0.02206, 0.155977, 0.189065, 0.086577, 0.018705, 0.153521, 0.325447, 0.249461, 0.159769, 0.260633, 0.254341, 0.113651, 10.4126, 8.56357, 0, 9.77534, 1.31027, 1.69885, 1.78612, 10.893, 599.56, 253.564, 241.127, 

#Dimension 11 Gets sets: 
43.2931, 35.6445, 59.8789, 33.9367, 0.223278, 0.329523, 0.132647, 0.444597, 29.4584, 11.1888, 57.1578, 46.6158, 0.150681, 0.337684, 0.211113, 0.27355, 0.023943, 0.004624, 0.029139, 0.014844, 0.01896, 0.015933, 0.02206, 0.155977, 0.189065, 0.086577, 0.018705, 0.153521, 0.325447, 0.249461, 0.159769, 0.260633, 0.254341, 0.113651, 10.4126, 8.56357, 0, 9.77534, 1.31027, 1.69885, 1.78612, 10.893, 599.56, 253.564, 241.127, 
Child (26334) exited properly with status: 0
Child (26335) exited properly with status: 0

#Dimension 12 Gets sets: 
43.2931, 35.6445, 59.8789, 33.9367, 0.223278, 0.329523, 0.132647, 0.444597, 29.4584, 11.1888, 57.1578, 31.0772, 0.0753405, 0.337684, 0.211113, 0.27355, 0.023943, 0.004624, 0.029139, 0.014844, 0.01896, 0.015933, 0.02206, 0.155977, 0.189065, 0.086577, 0.018705, 0.153521, 0.325447, 0.249461, 0.159769, 0.260633, 0.254341, 0.113651, 10.4126, 8.56357, 0, 9.77534, 1.31027, 1.69885, 1.78612, 10.893, 599.56, 253.564, 241.127, 

#Dimension 12 Gets sets: 
43.2931, 35.6445, 59.8789, 33.9367, 0.223278, 0.329523, 0.132647, 0.444597, 29.4584, 11.1888, 57.1578, 31.0772, 0.226022, 0.337684, 0.211113, 0.27355, 0.023943, 0.004624, 0.029139, 0.014844, 0.01896, 0.015933, 0.02206, 0.155977, 0.189065, 0.086577, 0.018705, 0.153521, 0.325447, 0.249461, 0.159769, 0.260633, 0.254341, 0.113651, 10.4126, 8.56357, 0, 9.77534, 1.31027, 1.69885, 1.78612, 10.893, 599.56, 253.564, 241.127, 

#Dimension 13 Gets sets: 
43.2931, 35.6445, 59.8789, 33.9367, 0.223278, 0.329523, 0.132647, 0.444597, 29.4584, 11.1888, 57.1578, 31.0772, 0.150681, 0.168842, 0.211113, 0.27355, 0.023943, 0.004624, 0.029139, 0.014844, 0.01896, 0.015933, 0.02206, 0.155977, 0.189065, 0.086577, 0.018705, 0.153521, 0.325447, 0.249461, 0.159769, 0.260633, 0.254341, 0.113651, 10.4126, 8.56357, 0, 9.77534, 1.31027, 1.69885, 1.78612, 10.893, 599.56, 253.564, 241.127, 

#Dimension 13 Gets sets: 
43.2931, 35.6445, 59.8789, 33.9367, 0.223278, 0.329523, 0.132647, 0.444597, 29.4584, 11.1888, 57.1578, 31.0772, 0.150681, 0.506526, 0.211113, 0.27355, 0.023943, 0.004624, 0.029139, 0.014844, 0.01896, 0.015933, 0.02206, 0.155977, 0.189065, 0.086577, 0.018705, 0.153521, 0.325447, 0.249461, 0.159769, 0.260633, 0.254341, 0.113651, 10.4126, 8.56357, 0, 9.77534, 1.31027, 1.69885, 1.78612, 10.893, 599.56, 253.564, 241.127, 
Child (26336) exited properly with status: 0
Child (26337) exited properly with status: 0

#Dimension 14 Gets sets: 
43.2931, 35.6445, 59.8789, 33.9367, 0.223278, 0.329523, 0.132647, 0.444597, 29.4584, 11.1888, 57.1578, 31.0772, 0.150681, 0.337684, 0.105556, 0.27355, 0.023943, 0.004624, 0.029139, 0.014844, 0.01896, 0.015933, 0.02206, 0.155977, 0.189065, 0.086577, 0.018705, 0.153521, 0.325447, 0.249461, 0.159769, 0.260633, 0.254341, 0.113651, 10.4126, 8.56357, 0, 9.77534, 1.31027, 1.69885, 1.78612, 10.893, 599.56, 253.564, 241.127, 

#Dimension 14 Gets sets: 
43.2931, 35.6445, 59.8789, 33.9367, 0.223278, 0.329523, 0.132647, 0.444597, 29.4584, 11.1888, 57.1578, 31.0772, 0.150681, 0.337684, 0.316669, 0.27355, 0.023943, 0.004624, 0.029139, 0.014844, 0.01896, 0.015933, 0.02206, 0.155977, 0.189065, 0.086577, 0.018705, 0.153521, 0.325447, 0.249461, 0.159769, 0.260633, 0.254341, 0.113651, 10.4126, 8.56357, 0, 9.77534, 1.31027, 1.69885, 1.78612, 10.893, 599.56, 253.564, 241.127, 

#Dimension 15 Gets sets: 
43.2931, 35.6445, 59.8789, 33.9367, 0.223278, 0.329523, 0.132647, 0.444597, 29.4584, 11.1888, 57.1578, 31.0772, 0.150681, 0.337684, 0.211113, 0.136775, 0.023943, 0.004624, 0.029139, 0.014844, 0.01896, 0.015933, 0.02206, 0.155977, 0.189065, 0.086577, 0.018705, 0.153521, 0.325447, 0.249461, 0.159769, 0.260633, 0.254341, 0.113651, 10.4126, 8.56357, 0, 9.77534, 1.31027, 1.69885, 1.78612, 10.893, 599.56, 253.564, 241.127, 

#Dimension 15 Gets sets: 
43.2931, 35.6445, 59.8789, 33.9367, 0.223278, 0.329523, 0.132647, 0.444597, 29.4584, 11.1888, 57.1578, 31.0772, 0.150681, 0.337684, 0.211113, 0.410325, 0.023943, 0.004624, 0.029139, 0.014844, 0.01896, 0.015933, 0.02206, 0.155977, 0.189065, 0.086577, 0.018705, 0.153521, 0.325447, 0.249461, 0.159769, 0.260633, 0.254341, 0.113651, 10.4126, 8.56357, 0, 9.77534, 1.31027, 1.69885, 1.78612, 10.893, 599.56, 253.564, 241.127, 
Child (26338) exited properly with status: 0
Child (26339) exited properly with status: 0

#Dimension 16 Gets sets: 
43.2931, 35.6445, 59.8789, 33.9367, 0.223278, 0.329523, 0.132647, 0.444597, 29.4584, 11.1888, 57.1578, 31.0772, 0.150681, 0.337684, 0.211113, 0.27355, 0.0119715, 0.004624, 0.029139, 0.014844, 0.01896, 0.015933, 0.02206, 0.155977, 0.189065, 0.086577, 0.018705, 0.153521, 0.325447, 0.249461, 0.159769, 0.260633, 0.254341, 0.113651, 10.4126, 8.56357, 0, 9.77534, 1.31027, 1.69885, 1.78612, 10.893, 599.56, 253.564, 241.127, 

#Dimension 16 Gets sets: 
43.2931, 35.6445, 59.8789, 33.9367, 0.223278, 0.329523, 0.132647, 0.444597, 29.4584, 11.1888, 57.1578, 31.0772, 0.150681, 0.337684, 0.211113, 0.27355, 0.0359145, 0.004624, 0.029139, 0.014844, 0.01896, 0.015933, 0.02206, 0.155977, 0.189065, 0.086577, 0.018705, 0.153521, 0.325447, 0.249461, 0.159769, 0.260633, 0.254341, 0.113651, 10.4126, 8.56357, 0, 9.77534, 1.31027, 1.69885, 1.78612, 10.893, 599.56, 253.564, 241.127, 

#Dimension 17 Gets sets: 
43.2931, 35.6445, 59.8789, 33.9367, 0.223278, 0.329523, 0.132647, 0.444597, 29.4584, 11.1888, 57.1578, 31.0772, 0.150681, 0.337684, 0.211113, 0.27355, 0.023943, 0.002312, 0.029139, 0.014844, 0.01896, 0.015933, 0.02206, 0.155977, 0.189065, 0.086577, 0.018705, 0.153521, 0.325447, 0.249461, 0.159769, 0.260633, 0.254341, 0.113651, 10.4126, 8.56357, 0, 9.77534, 1.31027, 1.69885, 1.78612, 10.893, 599.56, 253.564, 241.127, 

#Dimension 17 Gets sets: 
43.2931, 35.6445, 59.8789, 33.9367, 0.223278, 0.329523, 0.132647, 0.444597, 29.4584, 11.1888, 57.1578, 31.0772, 0.150681, 0.337684, 0.211113, 0.27355, 0.023943, 0.006936, 0.029139, 0.014844, 0.01896, 0.015933, 0.02206, 0.155977, 0.189065, 0.086577, 0.018705, 0.153521, 0.325447, 0.249461, 0.159769, 0.260633, 0.254341, 0.113651, 10.4126, 8.56357, 0, 9.77534, 1.31027, 1.69885, 1.78612, 10.893, 599.56, 253.564, 241.127, 
Child (26349) exited properly with status: 0
Child (26350) exited properly with status: 0

#Dimension 18 Gets sets: 
43.2931, 35.6445, 59.8789, 33.9367, 0.223278, 0.329523, 0.132647, 0.444597, 29.4584, 11.1888, 57.1578, 31.0772, 0.150681, 0.337684, 0.211113, 0.27355, 0.023943, 0.004624, 0.0145695, 0.014844, 0.01896, 0.015933, 0.02206, 0.155977, 0.189065, 0.086577, 0.018705, 0.153521, 0.325447, 0.249461, 0.159769, 0.260633, 0.254341, 0.113651, 10.4126, 8.56357, 0, 9.77534, 1.31027, 1.69885, 1.78612, 10.893, 599.56, 253.564, 241.127, 

#Dimension 18 Gets sets: 
43.2931, 35.6445, 59.8789, 33.9367, 0.223278, 0.329523, 0.132647, 0.444597, 29.4584, 11.1888, 57.1578, 31.0772, 0.150681, 0.337684, 0.211113, 0.27355, 0.023943, 0.004624, 0.0437085, 0.014844, 0.01896, 0.015933, 0.02206, 0.155977, 0.189065, 0.086577, 0.018705, 0.153521, 0.325447, 0.249461, 0.159769, 0.260633, 0.254341, 0.113651, 10.4126, 8.56357, 0, 9.77534, 1.31027, 1.69885, 1.78612, 10.893, 599.56, 253.564, 241.127, 

#Dimension 19 Gets sets: 
43.2931, 35.6445, 59.8789, 33.9367, 0.223278, 0.329523, 0.132647, 0.444597, 29.4584, 11.1888, 57.1578, 31.0772, 0.150681, 0.337684, 0.211113, 0.27355, 0.023943, 0.004624, 0.029139, 0.007422, 0.01896, 0.015933, 0.02206, 0.155977, 0.189065, 0.086577, 0.018705, 0.153521, 0.325447, 0.249461, 0.159769, 0.260633, 0.254341, 0.113651, 10.4126, 8.56357, 0, 9.77534, 1.31027, 1.69885, 1.78612, 10.893, 599.56, 253.564, 241.127, 

#Dimension 19 Gets sets: 
43.2931, 35.6445, 59.8789, 33.9367, 0.223278, 0.329523, 0.132647, 0.444597, 29.4584, 11.1888, 57.1578, 31.0772, 0.150681, 0.337684, 0.211113, 0.27355, 0.023943, 0.004624, 0.029139, 0.022266, 0.01896, 0.015933, 0.02206, 0.155977, 0.189065, 0.086577, 0.018705, 0.153521, 0.325447, 0.249461, 0.159769, 0.260633, 0.254341, 0.113651, 10.4126, 8.56357, 0, 9.77534, 1.31027, 1.69885, 1.78612, 10.893, 599.56, 253.564, 241.127, 
Child (26351) exited properly with status: 0
Child (26352) exited properly with status: 0

#Dimension 20 Gets sets: 
43.2931, 35.6445, 59.8789, 33.9367, 0.223278, 0.329523, 0.132647, 0.444597, 29.4584, 11.1888, 57.1578, 31.0772, 0.150681, 0.337684, 0.211113, 0.27355, 0.023943, 0.004624, 0.029139, 0.014844, 0.00948, 0.015933, 0.02206, 0.155977, 0.189065, 0.086577, 0.018705, 0.153521, 0.325447, 0.249461, 0.159769, 0.260633, 0.254341, 0.113651, 10.4126, 8.56357, 0, 9.77534, 1.31027, 1.69885, 1.78612, 10.893, 599.56, 253.564, 241.127, 

#Dimension 20 Gets sets: 
43.2931, 35.6445, 59.8789, 33.9367, 0.223278, 0.329523, 0.132647, 0.444597, 29.4584, 11.1888, 57.1578, 31.0772, 0.150681, 0.337684, 0.211113, 0.27355, 0.023943, 0.004624, 0.029139, 0.014844, 0.02844, 0.015933, 0.02206, 0.155977, 0.189065, 0.086577, 0.018705, 0.153521, 0.325447, 0.249461, 0.159769, 0.260633, 0.254341, 0.113651, 10.4126, 8.56357, 0, 9.77534, 1.31027, 1.69885, 1.78612, 10.893, 599.56, 253.564, 241.127, 

#Dimension 21 Gets sets: 
43.2931, 35.6445, 59.8789, 33.9367, 0.223278, 0.329523, 0.132647, 0.444597, 29.4584, 11.1888, 57.1578, 31.0772, 0.150681, 0.337684, 0.211113, 0.27355, 0.023943, 0.004624, 0.029139, 0.014844, 0.01896, 0.0079665, 0.02206, 0.155977, 0.189065, 0.086577, 0.018705, 0.153521, 0.325447, 0.249461, 0.159769, 0.260633, 0.254341, 0.113651, 10.4126, 8.56357, 0, 9.77534, 1.31027, 1.69885, 1.78612, 10.893, 599.56, 253.564, 241.127, 

#Dimension 21 Gets sets: 
43.2931, 35.6445, 59.8789, 33.9367, 0.223278, 0.329523, 0.132647, 0.444597, 29.4584, 11.1888, 57.1578, 31.0772, 0.150681, 0.337684, 0.211113, 0.27355, 0.023943, 0.004624, 0.029139, 0.014844, 0.01896, 0.0238995, 0.02206, 0.155977, 0.189065, 0.086577, 0.018705, 0.153521, 0.325447, 0.249461, 0.159769, 0.260633, 0.254341, 0.113651, 10.4126, 8.56357, 0, 9.77534, 1.31027, 1.69885, 1.78612, 10.893, 599.56, 253.564, 241.127, 
Child (26353) exited properly with status: 0
Child (26354) exited properly with status: 0

#Dimension 22 Gets sets: 
43.2931, 35.6445, 59.8789, 33.9367, 0.223278, 0.329523, 0.132647, 0.444597, 29.4584, 11.1888, 57.1578, 31.0772, 0.150681, 0.337684, 0.211113, 0.27355, 0.023943, 0.004624, 0.029139, 0.014844, 0.01896, 0.015933, 0.01103, 0.155977, 0.189065, 0.086577, 0.018705, 0.153521, 0.325447, 0.249461, 0.159769, 0.260633, 0.254341, 0.113651, 10.4126, 8.56357, 0, 9.77534, 1.31027, 1.69885, 1.78612, 10.893, 599.56, 253.564, 241.127, 

#Dimension 22 Gets sets: 
43.2931, 35.6445, 59.8789, 33.9367, 0.223278, 0.329523, 0.132647, 0.444597, 29.4584, 11.1888, 57.1578, 31.0772, 0.150681, 0.337684, 0.211113, 0.27355, 0.023943, 0.004624, 0.029139, 0.014844, 0.01896, 0.015933, 0.03309, 0.155977, 0.189065, 0.086577, 0.018705, 0.153521, 0.325447, 0.249461, 0.159769, 0.260633, 0.254341, 0.113651, 10.4126, 8.56357, 0, 9.77534, 1.31027, 1.69885, 1.78612, 10.893, 599.56, 253.564, 241.127, 

#Dimension 23 Gets sets: 
43.2931, 35.6445, 59.8789, 33.9367, 0.223278, 0.329523, 0.132647, 0.444597, 29.4584, 11.1888, 57.1578, 31.0772, 0.150681, 0.337684, 0.211113, 0.27355, 0.023943, 0.004624, 0.029139, 0.014844, 0.01896, 0.015933, 0.02206, 0.0779885, 0.189065, 0.086577, 0.018705, 0.153521, 0.325447, 0.249461, 0.159769, 0.260633, 0.254341, 0.113651, 10.4126, 8.56357, 0, 9.77534, 1.31027, 1.69885, 1.78612, 10.893, 599.56, 253.564, 241.127, 

#Dimension 23 Gets sets: 
43.2931, 35.6445, 59.8789, 33.9367, 0.223278, 0.329523, 0.132647, 0.444597, 29.4584, 11.1888, 57.1578, 31.0772, 0.150681, 0.337684, 0.211113, 0.27355, 0.023943, 0.004624, 0.029139, 0.014844, 0.01896, 0.015933, 0.02206, 0.233965, 0.189065, 0.086577, 0.018705, 0.153521, 0.325447, 0.249461, 0.159769, 0.260633, 0.254341, 0.113651, 10.4126, 8.56357, 0, 9.77534, 1.31027, 1.69885, 1.78612, 10.893, 599.56, 253.564, 241.127, 
Child (26355) exited properly with status: 0
Child (26356) exited properly with status: 0

#Dimension 24 Gets sets: 
43.2931, 35.6445, 59.8789, 33.9367, 0.223278, 0.329523, 0.132647, 0.444597, 29.4584, 11.1888, 57.1578, 31.0772, 0.150681, 0.337684, 0.211113, 0.27355, 0.023943, 0.004624, 0.029139, 0.014844, 0.01896, 0.015933, 0.02206, 0.155977, 0.0945325, 0.086577, 0.018705, 0.153521, 0.325447, 0.249461, 0.159769, 0.260633, 0.254341, 0.113651, 10.4126, 8.56357, 0, 9.77534, 1.31027, 1.69885, 1.78612, 10.893, 599.56, 253.564, 241.127, 

#Dimension 24 Gets sets: 
43.2931, 35.6445, 59.8789, 33.9367, 0.223278, 0.329523, 0.132647, 0.444597, 29.4584, 11.1888, 57.1578, 31.0772, 0.150681, 0.337684, 0.211113, 0.27355, 0.023943, 0.004624, 0.029139, 0.014844, 0.01896, 0.015933, 0.02206, 0.155977, 0.283598, 0.086577, 0.018705, 0.153521, 0.325447, 0.249461, 0.159769, 0.260633, 0.254341, 0.113651, 10.4126, 8.56357, 0, 9.77534, 1.31027, 1.69885, 1.78612, 10.893, 599.56, 253.564, 241.127, 

#Dimension 25 Gets sets: 
43.2931, 35.6445, 59.8789, 33.9367, 0.223278, 0.329523, 0.132647, 0.444597, 29.4584, 11.1888, 57.1578, 31.0772, 0.150681, 0.337684, 0.211113, 0.27355, 0.023943, 0.004624, 0.029139, 0.014844, 0.01896, 0.015933, 0.02206, 0.155977, 0.189065, 0.0432885, 0.018705, 0.153521, 0.325447, 0.249461, 0.159769, 0.260633, 0.254341, 0.113651, 10.4126, 8.56357, 0, 9.77534, 1.31027, 1.69885, 1.78612, 10.893, 599.56, 253.564, 241.127, 

#Dimension 25 Gets sets: 
43.2931, 35.6445, 59.8789, 33.9367, 0.223278, 0.329523, 0.132647, 0.444597, 29.4584, 11.1888, 57.1578, 31.0772, 0.150681, 0.337684, 0.211113, 0.27355, 0.023943, 0.004624, 0.029139, 0.014844, 0.01896, 0.015933, 0.02206, 0.155977, 0.189065, 0.129865, 0.018705, 0.153521, 0.325447, 0.249461, 0.159769, 0.260633, 0.254341, 0.113651, 10.4126, 8.56357, 0, 9.77534, 1.31027, 1.69885, 1.78612, 10.893, 599.56, 253.564, 241.127, 
Child (26357) exited properly with status: 0
Child (26358) exited properly with status: 0

#Dimension 26 Gets sets: 
43.2931, 35.6445, 59.8789, 33.9367, 0.223278, 0.329523, 0.132647, 0.444597, 29.4584, 11.1888, 57.1578, 31.0772, 0.150681, 0.337684, 0.211113, 0.27355, 0.023943, 0.004624, 0.029139, 0.014844, 0.01896, 0.015933, 0.02206, 0.155977, 0.189065, 0.086577, 0.0093525, 0.153521, 0.325447, 0.249461, 0.159769, 0.260633, 0.254341, 0.113651, 10.4126, 8.56357, 0, 9.77534, 1.31027, 1.69885, 1.78612, 10.893, 599.56, 253.564, 241.127, 

#Dimension 26 Gets sets: 
43.2931, 35.6445, 59.8789, 33.9367, 0.223278, 0.329523, 0.132647, 0.444597, 29.4584, 11.1888, 57.1578, 31.0772, 0.150681, 0.337684, 0.211113, 0.27355, 0.023943, 0.004624, 0.029139, 0.014844, 0.01896, 0.015933, 0.02206, 0.155977, 0.189065, 0.086577, 0.0280575, 0.153521, 0.325447, 0.249461, 0.159769, 0.260633, 0.254341, 0.113651, 10.4126, 8.56357, 0, 9.77534, 1.31027, 1.69885, 1.78612, 10.893, 599.56, 253.564, 241.127, 

#Dimension 27 Gets sets: 
43.2931, 35.6445, 59.8789, 33.9367, 0.223278, 0.329523, 0.132647, 0.444597, 29.4584, 11.1888, 57.1578, 31.0772, 0.150681, 0.337684, 0.211113, 0.27355, 0.023943, 0.004624, 0.029139, 0.014844, 0.01896, 0.015933, 0.02206, 0.155977, 0.189065, 0.086577, 0.018705, 0.0767605, 0.325447, 0.249461, 0.159769, 0.260633, 0.254341, 0.113651, 10.4126, 8.56357, 0, 9.77534, 1.31027, 1.69885, 1.78612, 10.893, 599.56, 253.564, 241.127, 

#Dimension 27 Gets sets: 
43.2931, 35.6445, 59.8789, 33.9367, 0.223278, 0.329523, 0.132647, 0.444597, 29.4584, 11.1888, 57.1578, 31.0772, 0.150681, 0.337684, 0.211113, 0.27355, 0.023943, 0.004624, 0.029139, 0.014844, 0.01896, 0.015933, 0.02206, 0.155977, 0.189065, 0.086577, 0.018705, 0.230281, 0.325447, 0.249461, 0.159769, 0.260633, 0.254341, 0.113651, 10.4126, 8.56357, 0, 9.77534, 1.31027, 1.69885, 1.78612, 10.893, 599.56, 253.564, 241.127, 
Child (26359) exited properly with status: 0
Child (26360) exited properly with status: 0

#Dimension 28 Gets sets: 
43.2931, 35.6445, 59.8789, 33.9367, 0.223278, 0.329523, 0.132647, 0.444597, 29.4584, 11.1888, 57.1578, 31.0772, 0.150681, 0.337684, 0.211113, 0.27355, 0.023943, 0.004624, 0.029139, 0.014844, 0.01896, 0.015933, 0.02206, 0.155977, 0.189065, 0.086577, 0.018705, 0.153521, 0.162723, 0.249461, 0.159769, 0.260633, 0.254341, 0.113651, 10.4126, 8.56357, 0, 9.77534, 1.31027, 1.69885, 1.78612, 10.893, 599.56, 253.564, 241.127, 

#Dimension 28 Gets sets: 
43.2931, 35.6445, 59.8789, 33.9367, 0.223278, 0.329523, 0.132647, 0.444597, 29.4584, 11.1888, 57.1578, 31.0772, 0.150681, 0.337684, 0.211113, 0.27355, 0.023943, 0.004624, 0.029139, 0.014844, 0.01896, 0.015933, 0.02206, 0.155977, 0.189065, 0.086577, 0.018705, 0.153521, 0.48817, 0.249461, 0.159769, 0.260633, 0.254341, 0.113651, 10.4126, 8.56357, 0, 9.77534, 1.31027, 1.69885, 1.78612, 10.893, 599.56, 253.564, 241.127, 

#Dimension 29 Gets sets: 
43.2931, 35.6445, 59.8789, 33.9367, 0.223278, 0.329523, 0.132647, 0.444597, 29.4584, 11.1888, 57.1578, 31.0772, 0.150681, 0.337684, 0.211113, 0.27355, 0.023943, 0.004624, 0.029139, 0.014844, 0.01896, 0.015933, 0.02206, 0.155977, 0.189065, 0.086577, 0.018705, 0.153521, 0.325447, 0.12473, 0.159769, 0.260633, 0.254341, 0.113651, 10.4126, 8.56357, 0, 9.77534, 1.31027, 1.69885, 1.78612, 10.893, 599.56, 253.564, 241.127, 

#Dimension 29 Gets sets: 
43.2931, 35.6445, 59.8789, 33.9367, 0.223278, 0.329523, 0.132647, 0.444597, 29.4584, 11.1888, 57.1578, 31.0772, 0.150681, 0.337684, 0.211113, 0.27355, 0.023943, 0.004624, 0.029139, 0.014844, 0.01896, 0.015933, 0.02206, 0.155977, 0.189065, 0.086577, 0.018705, 0.153521, 0.325447, 0.374192, 0.159769, 0.260633, 0.254341, 0.113651, 10.4126, 8.56357, 0, 9.77534, 1.31027, 1.69885, 1.78612, 10.893, 599.56, 253.564, 241.127, 
Child (26361) exited properly with status: 0
Child (26362) exited properly with status: 0

#Dimension 30 Gets sets: 
43.2931, 35.6445, 59.8789, 33.9367, 0.223278, 0.329523, 0.132647, 0.444597, 29.4584, 11.1888, 57.1578, 31.0772, 0.150681, 0.337684, 0.211113, 0.27355, 0.023943, 0.004624, 0.029139, 0.014844, 0.01896, 0.015933, 0.02206, 0.155977, 0.189065, 0.086577, 0.018705, 0.153521, 0.325447, 0.249461, 0.0798845, 0.260633, 0.254341, 0.113651, 10.4126, 8.56357, 0, 9.77534, 1.31027, 1.69885, 1.78612, 10.893, 599.56, 253.564, 241.127, 

#Dimension 30 Gets sets: 
43.2931, 35.6445, 59.8789, 33.9367, 0.223278, 0.329523, 0.132647, 0.444597, 29.4584, 11.1888, 57.1578, 31.0772, 0.150681, 0.337684, 0.211113, 0.27355, 0.023943, 0.004624, 0.029139, 0.014844, 0.01896, 0.015933, 0.02206, 0.155977, 0.189065, 0.086577, 0.018705, 0.153521, 0.325447, 0.249461, 0.239653, 0.260633, 0.254341, 0.113651, 10.4126, 8.56357, 0, 9.77534, 1.31027, 1.69885, 1.78612, 10.893, 599.56, 253.564, 241.127, 

#Dimension 31 Gets sets: 
43.2931, 35.6445, 59.8789, 33.9367, 0.223278, 0.329523, 0.132647, 0.444597, 29.4584, 11.1888, 57.1578, 31.0772, 0.150681, 0.337684, 0.211113, 0.27355, 0.023943, 0.004624, 0.029139, 0.014844, 0.01896, 0.015933, 0.02206, 0.155977, 0.189065, 0.086577, 0.018705, 0.153521, 0.325447, 0.249461, 0.159769, 0.130317, 0.254341, 0.113651, 10.4126, 8.56357, 0, 9.77534, 1.31027, 1.69885, 1.78612, 10.893, 599.56, 253.564, 241.127, 

#Dimension 31 Gets sets: 
43.2931, 35.6445, 59.8789, 33.9367, 0.223278, 0.329523, 0.132647, 0.444597, 29.4584, 11.1888, 57.1578, 31.0772, 0.150681, 0.337684, 0.211113, 0.27355, 0.023943, 0.004624, 0.029139, 0.014844, 0.01896, 0.015933, 0.02206, 0.155977, 0.189065, 0.086577, 0.018705, 0.153521, 0.325447, 0.249461, 0.159769, 0.39095, 0.254341, 0.113651, 10.4126, 8.56357, 0, 9.77534, 1.31027, 1.69885, 1.78612, 10.893, 599.56, 253.564, 241.127, 
Child (26363) exited properly with status: 0
Child (26364) exited properly with status: 0

#Dimension 32 Gets sets: 
43.2931, 35.6445, 59.8789, 33.9367, 0.223278, 0.329523, 0.132647, 0.444597, 29.4584, 11.1888, 57.1578, 31.0772, 0.150681, 0.337684, 0.211113, 0.27355, 0.023943, 0.004624, 0.029139, 0.014844, 0.01896, 0.015933, 0.02206, 0.155977, 0.189065, 0.086577, 0.018705, 0.153521, 0.325447, 0.249461, 0.159769, 0.260633, 0.12717, 0.113651, 10.4126, 8.56357, 0, 9.77534, 1.31027, 1.69885, 1.78612, 10.893, 599.56, 253.564, 241.127, 

#Dimension 32 Gets sets: 
43.2931, 35.6445, 59.8789, 33.9367, 0.223278, 0.329523, 0.132647, 0.444597, 29.4584, 11.1888, 57.1578, 31.0772, 0.150681, 0.337684, 0.211113, 0.27355, 0.023943, 0.004624, 0.029139, 0.014844, 0.01896, 0.015933, 0.02206, 0.155977, 0.189065, 0.086577, 0.018705, 0.153521, 0.325447, 0.249461, 0.159769, 0.260633, 0.381512, 0.113651, 10.4126, 8.56357, 0, 9.77534, 1.31027, 1.69885, 1.78612, 10.893, 599.56, 253.564, 241.127, 

#Dimension 33 Gets sets: 
43.2931, 35.6445, 59.8789, 33.9367, 0.223278, 0.329523, 0.132647, 0.444597, 29.4584, 11.1888, 57.1578, 31.0772, 0.150681, 0.337684, 0.211113, 0.27355, 0.023943, 0.004624, 0.029139, 0.014844, 0.01896, 0.015933, 0.02206, 0.155977, 0.189065, 0.086577, 0.018705, 0.153521, 0.325447, 0.249461, 0.159769, 0.260633, 0.254341, 0.0568255, 10.4126, 8.56357, 0, 9.77534, 1.31027, 1.69885, 1.78612, 10.893, 599.56, 253.564, 241.127, 

#Dimension 33 Gets sets: 
43.2931, 35.6445, 59.8789, 33.9367, 0.223278, 0.329523, 0.132647, 0.444597, 29.4584, 11.1888, 57.1578, 31.0772, 0.150681, 0.337684, 0.211113, 0.27355, 0.023943, 0.004624, 0.029139, 0.014844, 0.01896, 0.015933, 0.02206, 0.155977, 0.189065, 0.086577, 0.018705, 0.153521, 0.325447, 0.249461, 0.159769, 0.260633, 0.254341, 0.170477, 10.4126, 8.56357, 0, 9.77534, 1.31027, 1.69885, 1.78612, 10.893, 599.56, 253.564, 241.127, 
Child (26365) exited properly with status: 0
Child (26366) exited properly with status: 0

#Dimension 34 Gets sets: 
43.2931, 35.6445, 59.8789, 33.9367, 0.223278, 0.329523, 0.132647, 0.444597, 29.4584, 11.1888, 57.1578, 31.0772, 0.150681, 0.337684, 0.211113, 0.27355, 0.023943, 0.004624, 0.029139, 0.014844, 0.01896, 0.015933, 0.02206, 0.155977, 0.189065, 0.086577, 0.018705, 0.153521, 0.325447, 0.249461, 0.159769, 0.260633, 0.254341, 0.113651, 5.20632, 8.56357, 0, 9.77534, 1.31027, 1.69885, 1.78612, 10.893, 599.56, 253.564, 241.127, 

#Dimension 34 Gets sets: 
43.2931, 35.6445, 59.8789, 33.9367, 0.223278, 0.329523, 0.132647, 0.444597, 29.4584, 11.1888, 57.1578, 31.0772, 0.150681, 0.337684, 0.211113, 0.27355, 0.023943, 0.004624, 0.029139, 0.014844, 0.01896, 0.015933, 0.02206, 0.155977, 0.189065, 0.086577, 0.018705, 0.153521, 0.325447, 0.249461, 0.159769, 0.260633, 0.254341, 0.113651, 15.619, 8.56357, 0, 9.77534, 1.31027, 1.69885, 1.78612, 10.893, 599.56, 253.564, 241.127, 

#Dimension 35 Gets sets: 
43.2931, 35.6445, 59.8789, 33.9367, 0.223278, 0.329523, 0.132647, 0.444597, 29.4584, 11.1888, 57.1578, 31.0772, 0.150681, 0.337684, 0.211113, 0.27355, 0.023943, 0.004624, 0.029139, 0.014844, 0.01896, 0.015933, 0.02206, 0.155977, 0.189065, 0.086577, 0.018705, 0.153521, 0.325447, 0.249461, 0.159769, 0.260633, 0.254341, 0.113651, 10.4126, 4.28179, 0, 9.77534, 1.31027, 1.69885, 1.78612, 10.893, 599.56, 253.564, 241.127, 

#Dimension 35 Gets sets: 
43.2931, 35.6445, 59.8789, 33.9367, 0.223278, 0.329523, 0.132647, 0.444597, 29.4584, 11.1888, 57.1578, 31.0772, 0.150681, 0.337684, 0.211113, 0.27355, 0.023943, 0.004624, 0.029139, 0.014844, 0.01896, 0.015933, 0.02206, 0.155977, 0.189065, 0.086577, 0.018705, 0.153521, 0.325447, 0.249461, 0.159769, 0.260633, 0.254341, 0.113651, 10.4126, 12.8454, 0, 9.77534, 1.31027, 1.69885, 1.78612, 10.893, 599.56, 253.564, 241.127, 
Child (26374) exited properly with status: 0
Child (26375) exited properly with status: 0

#Dimension 36 Gets sets: 
43.2931, 35.6445, 59.8789, 33.9367, 0.223278, 0.329523, 0.132647, 0.444597, 29.4584, 11.1888, 57.1578, 31.0772, 0.150681, 0.337684, 0.211113, 0.27355, 0.023943, 0.004624, 0.029139, 0.014844, 0.01896, 0.015933, 0.02206, 0.155977, 0.189065, 0.086577, 0.018705, 0.153521, 0.325447, 0.249461, 0.159769, 0.260633, 0.254341, 0.113651, 10.4126, 8.56357, 0, 9.77534, 1.31027, 1.69885, 1.78612, 10.893, 599.56, 253.564, 241.127, 

#Dimension 36 Gets sets: 
43.2931, 35.6445, 59.8789, 33.9367, 0.223278, 0.329523, 0.132647, 0.444597, 29.4584, 11.1888, 57.1578, 31.0772, 0.150681, 0.337684, 0.211113, 0.27355, 0.023943, 0.004624, 0.029139, 0.014844, 0.01896, 0.015933, 0.02206, 0.155977, 0.189065, 0.086577, 0.018705, 0.153521, 0.325447, 0.249461, 0.159769, 0.260633, 0.254341, 0.113651, 10.4126, 8.56357, 0, 9.77534, 1.31027, 1.69885, 1.78612, 10.893, 599.56, 253.564, 241.127, 

#Dimension 37 Gets sets: 
43.2931, 35.6445, 59.8789, 33.9367, 0.223278, 0.329523, 0.132647, 0.444597, 29.4584, 11.1888, 57.1578, 31.0772, 0.150681, 0.337684, 0.211113, 0.27355, 0.023943, 0.004624, 0.029139, 0.014844, 0.01896, 0.015933, 0.02206, 0.155977, 0.189065, 0.086577, 0.018705, 0.153521, 0.325447, 0.249461, 0.159769, 0.260633, 0.254341, 0.113651, 10.4126, 8.56357, 0, 4.88767, 1.31027, 1.69885, 1.78612, 10.893, 599.56, 253.564, 241.127, 

#Dimension 37 Gets sets: 
43.2931, 35.6445, 59.8789, 33.9367, 0.223278, 0.329523, 0.132647, 0.444597, 29.4584, 11.1888, 57.1578, 31.0772, 0.150681, 0.337684, 0.211113, 0.27355, 0.023943, 0.004624, 0.029139, 0.014844, 0.01896, 0.015933, 0.02206, 0.155977, 0.189065, 0.086577, 0.018705, 0.153521, 0.325447, 0.249461, 0.159769, 0.260633, 0.254341, 0.113651, 10.4126, 8.56357, 0, 14.663, 1.31027, 1.69885, 1.78612, 10.893, 599.56, 253.564, 241.127, 
Child (26376) exited properly with status: 0
Child (26377) exited properly with status: 0

#Dimension 38 Gets sets: 
43.2931, 35.6445, 59.8789, 33.9367, 0.223278, 0.329523, 0.132647, 0.444597, 29.4584, 11.1888, 57.1578, 31.0772, 0.150681, 0.337684, 0.211113, 0.27355, 0.023943, 0.004624, 0.029139, 0.014844, 0.01896, 0.015933, 0.02206, 0.155977, 0.189065, 0.086577, 0.018705, 0.153521, 0.325447, 0.249461, 0.159769, 0.260633, 0.254341, 0.113651, 10.4126, 8.56357, 0, 9.77534, 0.655134, 1.69885, 1.78612, 10.893, 599.56, 253.564, 241.127, 

#Dimension 38 Gets sets: 
43.2931, 35.6445, 59.8789, 33.9367, 0.223278, 0.329523, 0.132647, 0.444597, 29.4584, 11.1888, 57.1578, 31.0772, 0.150681, 0.337684, 0.211113, 0.27355, 0.023943, 0.004624, 0.029139, 0.014844, 0.01896, 0.015933, 0.02206, 0.155977, 0.189065, 0.086577, 0.018705, 0.153521, 0.325447, 0.249461, 0.159769, 0.260633, 0.254341, 0.113651, 10.4126, 8.56357, 0, 9.77534, 1.9654, 1.69885, 1.78612, 10.893, 599.56, 253.564, 241.127, 

#Dimension 39 Gets sets: 
43.2931, 35.6445, 59.8789, 33.9367, 0.223278, 0.329523, 0.132647, 0.444597, 29.4584, 11.1888, 57.1578, 31.0772, 0.150681, 0.337684, 0.211113, 0.27355, 0.023943, 0.004624, 0.029139, 0.014844, 0.01896, 0.015933, 0.02206, 0.155977, 0.189065, 0.086577, 0.018705, 0.153521, 0.325447, 0.249461, 0.159769, 0.260633, 0.254341, 0.113651, 10.4126, 8.56357, 0, 9.77534, 1.31027, 0.849426, 1.78612, 10.893, 599.56, 253.564, 241.127, 

#Dimension 39 Gets sets: 
43.2931, 35.6445, 59.8789, 33.9367, 0.223278, 0.329523, 0.132647, 0.444597, 29.4584, 11.1888, 57.1578, 31.0772, 0.150681, 0.337684, 0.211113, 0.27355, 0.023943, 0.004624, 0.029139, 0.014844, 0.01896, 0.015933, 0.02206, 0.155977, 0.189065, 0.086577, 0.018705, 0.153521, 0.325447, 0.249461, 0.159769, 0.260633, 0.254341, 0.113651, 10.4126, 8.56357, 0, 9.77534, 1.31027, 2.54828, 1.78612, 10.893, 599.56, 253.564, 241.127, 
Child (26378) exited properly with status: 0
Child (26379) exited properly with status: 0

#Dimension 40 Gets sets: 
43.2931, 35.6445, 59.8789, 33.9367, 0.223278, 0.329523, 0.132647, 0.444597, 29.4584, 11.1888, 57.1578, 31.0772, 0.150681, 0.337684, 0.211113, 0.27355, 0.023943, 0.004624, 0.029139, 0.014844, 0.01896, 0.015933, 0.02206, 0.155977, 0.189065, 0.086577, 0.018705, 0.153521, 0.325447, 0.249461, 0.159769, 0.260633, 0.254341, 0.113651, 10.4126, 8.56357, 0, 9.77534, 1.31027, 1.69885, 0.89306, 10.893, 599.56, 253.564, 241.127, 

#Dimension 40 Gets sets: 
43.2931, 35.6445, 59.8789, 33.9367, 0.223278, 0.329523, 0.132647, 0.444597, 29.4584, 11.1888, 57.1578, 31.0772, 0.150681, 0.337684, 0.211113, 0.27355, 0.023943, 0.004624, 0.029139, 0.014844, 0.01896, 0.015933, 0.02206, 0.155977, 0.189065, 0.086577, 0.018705, 0.153521, 0.325447, 0.249461, 0.159769, 0.260633, 0.254341, 0.113651, 10.4126, 8.56357, 0, 9.77534, 1.31027, 1.69885, 2.67918, 10.893, 599.56, 253.564, 241.127, 

#Dimension 41 Gets sets: 
43.2931, 35.6445, 59.8789, 33.9367, 0.223278, 0.329523, 0.132647, 0.444597, 29.4584, 11.1888, 57.1578, 31.0772, 0.150681, 0.337684, 0.211113, 0.27355, 0.023943, 0.004624, 0.029139, 0.014844, 0.01896, 0.015933, 0.02206, 0.155977, 0.189065, 0.086577, 0.018705, 0.153521, 0.325447, 0.249461, 0.159769, 0.260633, 0.254341, 0.113651, 10.4126, 8.56357, 0, 9.77534, 1.31027, 1.69885, 1.78612, 5.4465, 599.56, 253.564, 241.127, 

#Dimension 41 Gets sets: 
43.2931, 35.6445, 59.8789, 33.9367, 0.223278, 0.329523, 0.132647, 0.444597, 29.4584, 11.1888, 57.1578, 31.0772, 0.150681, 0.337684, 0.211113, 0.27355, 0.023943, 0.004624, 0.029139, 0.014844, 0.01896, 0.015933, 0.02206, 0.155977, 0.189065, 0.086577, 0.018705, 0.153521, 0.325447, 0.249461, 0.159769, 0.260633, 0.254341, 0.113651, 10.4126, 8.56357, 0, 9.77534, 1.31027, 1.69885, 1.78612, 16.3395, 599.56, 253.564, 241.127, 
Child (26384) exited properly with status: 0
Child (26385) exited properly with status: 0

#Dimension 42 Gets sets: 
43.2931, 35.6445, 59.8789, 33.9367, 0.223278, 0.329523, 0.132647, 0.444597, 29.4584, 11.1888, 57.1578, 31.0772, 0.150681, 0.337684, 0.211113, 0.27355, 0.023943, 0.004624, 0.029139, 0.014844, 0.01896, 0.015933, 0.02206, 0.155977, 0.189065, 0.086577, 0.018705, 0.153521, 0.325447, 0.249461, 0.159769, 0.260633, 0.254341, 0.113651, 10.4126, 8.56357, 0, 9.77534, 1.31027, 1.69885, 1.78612, 10.893, 299.78, 253.564, 241.127, 

#Dimension 42 Gets sets: 
43.2931, 35.6445, 59.8789, 33.9367, 0.223278, 0.329523, 0.132647, 0.444597, 29.4584, 11.1888, 57.1578, 31.0772, 0.150681, 0.337684, 0.211113, 0.27355, 0.023943, 0.004624, 0.029139, 0.014844, 0.01896, 0.015933, 0.02206, 0.155977, 0.189065, 0.086577, 0.018705, 0.153521, 0.325447, 0.249461, 0.159769, 0.260633, 0.254341, 0.113651, 10.4126, 8.56357, 0, 9.77534, 1.31027, 1.69885, 1.78612, 10.893, 899.34, 253.564, 241.127, 

#Dimension 43 Gets sets: 
43.2931, 35.6445, 59.8789, 33.9367, 0.223278, 0.329523, 0.132647, 0.444597, 29.4584, 11.1888, 57.1578, 31.0772, 0.150681, 0.337684, 0.211113, 0.27355, 0.023943, 0.004624, 0.029139, 0.014844, 0.01896, 0.015933, 0.02206, 0.155977, 0.189065, 0.086577, 0.018705, 0.153521, 0.325447, 0.249461, 0.159769, 0.260633, 0.254341, 0.113651, 10.4126, 8.56357, 0, 9.77534, 1.31027, 1.69885, 1.78612, 10.893, 599.56, 126.782, 241.127, 

#Dimension 43 Gets sets: 
43.2931, 35.6445, 59.8789, 33.9367, 0.223278, 0.329523, 0.132647, 0.444597, 29.4584, 11.1888, 57.1578, 31.0772, 0.150681, 0.337684, 0.211113, 0.27355, 0.023943, 0.004624, 0.029139, 0.014844, 0.01896, 0.015933, 0.02206, 0.155977, 0.189065, 0.086577, 0.018705, 0.153521, 0.325447, 0.249461, 0.159769, 0.260633, 0.254341, 0.113651, 10.4126, 8.56357, 0, 9.77534, 1.31027, 1.69885, 1.78612, 10.893, 599.56, 380.347, 241.127, 
Child (26386) exited properly with status: 0
Child (26387) exited properly with status: 0

#Dimension 44 Gets sets: 
43.2931, 35.6445, 59.8789, 33.9367, 0.223278, 0.329523, 0.132647, 0.444597, 29.4584, 11.1888, 57.1578, 31.0772, 0.150681, 0.337684, 0.211113, 0.27355, 0.023943, 0.004624, 0.029139, 0.014844, 0.01896, 0.015933, 0.02206, 0.155977, 0.189065, 0.086577, 0.018705, 0.153521, 0.325447, 0.249461, 0.159769, 0.260633, 0.254341, 0.113651, 10.4126, 8.56357, 0, 9.77534, 1.31027, 1.69885, 1.78612, 10.893, 599.56, 253.564, 120.564, 

#Dimension 44 Gets sets: 
43.2931, 35.6445, 59.8789, 33.9367, 0.223278, 0.329523, 0.132647, 0.444597, 29.4584, 11.1888, 57.1578, 31.0772, 0.150681, 0.337684, 0.211113, 0.27355, 0.023943, 0.004624, 0.029139, 0.014844, 0.01896, 0.015933, 0.02206, 0.155977, 0.189065, 0.086577, 0.018705, 0.153521, 0.325447, 0.249461, 0.159769, 0.260633, 0.254341, 0.113651, 10.4126, 8.56357, 0, 9.77534, 1.31027, 1.69885, 1.78612, 10.893, 599.56, 253.564, 361.691, 
Child (26388) exited properly with status: 0

 ~ Set: 0 -- Calculating sensitivity ~ 
Parameter: 0
	Bad round error (inf) for output: 8
	Bad round error (inf) for output: 9
Parameter: 1
	Bad round error (inf) for output: 8
	Bad round error (inf) for output: 9
Parameter: 2
	Bad round error (inf) for output: 8
	Bad round error (inf) for output: 9
Parameter: 3
	Bad round error (inf) for output: 8
	Bad round error (inf) for output: 9
Parameter: 4
	Bad round error (inf) for output: 8
	Bad round error (inf) for output: 9
Parameter: 5
	Bad round error (inf) for output: 8
	Bad round error (inf) for output: 9
Parameter: 6
	Bad round error (inf) for output: 8
	Bad round error (inf) for output: 9
Parameter: 7
	Bad round error (inf) for output: 8
	Bad round error (inf) for output: 9
Parameter: 8
	Bad round error (inf) for output: 8
	Bad round error (inf) for output: 9
Parameter: 9
	Bad round error (inf) for output: 8
	Bad round error (inf) for output: 9
Parameter: 10
	Bad round error (inf) for output: 8
	Bad round error (inf) for output: 9
Parameter: 11
	Bad round error (inf) for output: 8
	Bad round error (inf) for output: 9
Parameter: 12
	Bad round error (inf) for output: 8
	Bad round error (inf) for output: 9
Parameter: 13
	Bad round error (inf) for output: 8
	Bad round error (inf) for output: 9
Parameter: 14
	Bad round error (inf) for output: 8
	Bad round error (inf) for output: 9
Parameter: 15
	Bad round error (inf) for output: 8
	Bad round error (inf) for output: 9
Parameter: 16
	Bad round error (inf) for output: 8
	Bad round error (inf) for output: 9
Parameter: 17
	Bad round error (inf) for output: 8
	Bad round error (inf) for output: 9
Parameter: 18
	Bad round error (inf) for output: 8
	Bad round error (inf) for output: 9
Parameter: 19
	Bad round error (inf) for output: 8
	Bad round error (inf) for output: 9
Parameter: 20
	Bad round error (inf) for output: 8
	Bad round error (inf) for output: 9
Parameter: 21
	Bad round error (inf) for output: 8
	Bad round error (inf) for output: 9
Parameter: 22
	Bad round error (inf) for output: 8
	Bad round error (inf) for output: 9
Parameter: 23
	Bad round error (inf) for output: 8
	Bad round error (inf) for output: 9
Parameter: 24
	Bad round error (inf) for output: 8
	Bad round error (inf) for output: 9
Parameter: 25
	Bad round error (inf) for output: 8
	Bad round error (inf) for output: 9
Parameter: 26
	Bad round error (inf) for output: 8
	Bad round error (inf) for output: 9
Parameter: 27
	Bad round error (inf) for output: 8
	Bad round error (inf) for output: 9
Parameter: 28
	Bad round error (inf) for output: 8
	Bad round error (inf) for output: 9
Parameter: 29
	Bad round error (inf) for output: 8
	Bad round error (inf) for output: 9
Parameter: 30
	Bad round error (inf) for output: 8
	Bad round error (inf) for output: 9
Parameter: 31
	Bad round error (inf) for output: 8
	Bad round error (inf) for output: 9
Parameter: 32
	Bad round error (inf) for output: 8
	Bad round error (inf) for output: 9
Parameter: 33
	Bad round error (inf) for output: 8
	Bad round error (inf) for output: 9
Parameter: 34
	Bad round error (inf) for output: 8
	Bad round error (inf) for output: 9
Parameter: 35
	Bad round error (inf) for output: 8
	Bad round error (inf) for output: 9
Parameter: 36
	Bad round error (inf) for output: 0
	Bad round error (inf) for output: 1
	Bad round error (inf) for output: 2
	Bad round error (inf) for output: 3
	Bad round error (inf) for output: 4
	Bad round error (inf) for output: 5
	Bad round error (inf) for output: 6
	Bad round error (inf) for output: 7
	Bad round error (inf) for output: 8
	Bad round error (inf) for output: 9
Parameter: 37
	Bad round error (inf) for output: 8
	Bad round error (inf) for output: 9
Parameter: 38
	Bad round error (inf) for output: 8
	Bad round error (inf) for output: 9
Parameter: 39
	Bad round error (inf) for output: 8
	Bad round error (inf) for output: 9
Parameter: 40
	Bad round error (inf) for output: 8
	Bad round error (inf) for output: 9
Parameter: 41
	Bad round error (inf) for output: 8
	Bad round error (inf) for output: 9
Parameter: 42
	Bad round error (inf) for output: 8
	Bad round error (inf) for output: 9
Parameter: 43
	Bad round error (inf) for output: 8
	Bad round error (inf) for output: 9
Parameter: 44
	Bad round error (inf) for output: 8
	Bad round error (inf) for output: 9

 ~ Exiting ~ 
